350.0	0.0019699949
350.5	0.0020690809
351.0	0.0030858928
351.5	0.0056387091
352.0	0.0089307606
352.5	0.011299422
353.0	0.013117005
353.5	0.014320165
354.0	0.014631348
354.5	0.013630345
355.0	0.010586894
355.5	0.0089601594
356.0	0.009499864
356.5	0.010335571
357.0	0.011281956
357.5	0.01309883
358.0	0.015947872
358.5	0.021540291
359.0	0.035333409
359.5	0.057833872
360.0	0.081471195
360.5	0.098979597
361.0	0.11149057
361.5	0.11862342
362.0	0.11588244
362.5	0.10133663
363.0	0.080013504
363.5	0.072884121
364.0	0.08087594
364.5	0.10228555
365.0	0.12461134
365.5	0.13080311
366.0	0.12629266
366.5	0.1173423
367.0	0.10493922
367.5	0.085601931
368.0	0.056334624
368.5	0.024426677
369.0	0.013427635
369.5	0.013182639
370.0	0.01767342
370.5	0.028892069
371.0	0.051265144
371.5	0.084793882
372.0	0.12670099
372.5	0.16955011
373.0	0.21211964
373.5	0.25743462
374.0	0.29997993
374.5	0.3308704
375.0	0.34178844
375.5	0.33690903
376.0	0.32543354
376.5	0.31476864
377.0	0.29924042
377.5	0.27243446
378.0	0.23885645
378.5	0.20715775
379.0	0.18285658
379.5	0.16643108
380.0	0.15300435
380.5	0.14350182
381.0	0.13787153
381.5	0.13335365
382.0	0.12627064
382.5	0.11704066
383.0	0.10516684
383.5	0.091341352
384.0	0.07540833
384.5	0.058353844
385.0	0.044967427
385.5	0.040221691
386.0	0.045238357
386.5	0.06022294
387.0	0.089115906
387.5	0.13580086
388.0	0.20353239
388.5	0.2885099
389.0	0.37862213
389.5	0.46710484
390.0	0.54491974
390.5	0.61390217
391.0	0.6745787
391.5	0.72403183
392.0	0.76167076
392.5	0.78944954
393.0	0.81561249
393.5	0.8442411
394.0	0.87452759
394.5	0.89994652
395.0	0.92290916
395.5	0.93329254
396.0	0.93706795
396.5	0.93964951
397.0	0.93473793
397.5	0.932686
398.0	0.93257523
398.5	0.92974915
399.0	0.93095207
399.5	0.93300331
400.0	0.93334946
400.5	0.93661888
401.0	0.93980568
401.5	0.94212524
402.0	0.9475045
402.5	0.95041908
403.0	0.95304726
403.5	0.95597084
404.0	0.95681503
404.5	0.95606216
405.0	0.95885674
405.5	0.95760765
406.0	0.95859985
406.5	0.96008698
407.0	0.96183922
407.5	0.96148407
408.0	0.96256317
408.5	0.96156128
409.0	0.96469231
409.5	0.96458458
410.0	0.96288109
410.5	0.96257713
411.0	0.96083382
411.5	0.95826172
412.0	0.95478844
412.5	0.95282845
413.0	0.9511129
413.5	0.95137741
414.0	0.95194405
414.5	0.95028694
415.0	0.95075508
415.5	0.95409081
416.0	0.95763077
416.5	0.95869965
417.0	0.95907684
417.5	0.9607399
418.0	0.96356621
418.5	0.96374908
419.0	0.96429459
419.5	0.96471382
420.0	0.96404915
420.5	0.96608376
421.0	0.96613075
421.5	0.96695076
422.0	0.96687943
422.5	0.96930534
423.0	0.96864037
423.5	0.9678701
424.0	0.96737022
424.5	0.96464005
425.0	0.96349739
425.5	0.96299469
426.0	0.96142464
426.5	0.96413101
427.0	0.96455551
427.5	0.96618919
428.0	0.96566147
428.5	0.96570953
429.0	0.96535149
429.5	0.96611755
430.0	0.96413635
430.5	0.95993584
431.0	0.95916031
431.5	0.9585556
432.0	0.95915932
432.5	0.95828705
433.0	0.95934906
433.5	0.96103012
434.0	0.96497948
434.5	0.96671959
435.0	0.96908333
435.5	0.97129417
436.0	0.97256378
436.5	0.97184982
437.0	0.9725956
437.5	0.97008926
438.0	0.97134758
438.5	0.97226486
439.0	0.97083092
439.5	0.97337364
440.0	0.97273636
440.5	0.9761171
441.0	0.97602379
441.5	0.97654457
442.0	0.97822281
442.5	0.97686348
443.0	0.97472511
443.5	0.97175346
444.0	0.97107651
444.5	0.96935867
445.0	0.96840286
445.5	0.96552208
446.0	0.96453918
446.5	0.9640242
447.0	0.96304001
447.5	0.96633331
448.0	0.96712425
448.5	0.96963638
449.0	0.9699469
449.5	0.97105629
450.0	0.9728923
450.5	0.97327202
451.0	0.97453407
451.5	0.97409019
452.0	0.97448517
452.5	0.97375557
453.0	0.97273819
453.5	0.96952942
454.0	0.9646183
454.5	0.95513626
455.0	0.9398024
455.5	0.92295105
456.0	0.9009787
456.5	0.87390038
457.0	0.84633759
457.5	0.81580757
458.0	0.78093132
458.5	0.7409668
459.0	0.69044418
459.5	0.62977379
460.0	0.56395645
460.5	0.49452736
461.0	0.42006649
461.5	0.34969334
462.0	0.28331501
462.5	0.21913385
463.0	0.16584423
463.5	0.12269974
464.0	0.090894041
464.5	0.068170323
465.0	0.052292886
465.5	0.041732249
466.0	0.034464049
466.5	0.029576647
467.0	0.026290951
467.5	0.023997939
468.0	0.022443624
468.5	0.021374154
469.0	0.020580299
469.5	0.019911855
470.0	0.019190663
470.5	0.018538409
471.0	0.017859532
471.5	0.017165972
472.0	0.016393006
472.5	0.01565004
473.0	0.014865975
473.5	0.014301494
474.0	0.013610562
474.5	0.013082963
475.0	0.012766602
475.5	0.012458361
476.0	0.012341503
476.5	0.012282069
477.0	0.012014174
477.5	0.011761566
478.0	0.011283715
478.5	0.010595039
479.0	0.0098806012
479.5	0.008990857
480.0	0.008061887
480.5	0.0070470667
481.0	0.0061084914
481.5	0.0052185232
482.0	0.0043677646
482.5	0.0036619252
483.0	0.0030478662
483.5	0.0025419289
484.0	0.0021980445
484.5	0.0019145244
485.0	0.001682526
485.5	0.0015411672
486.0	0.0014477804
486.5	0.0013794862
487.0	0.0013644113
487.5	0.0013451137
488.0	0.0013645949
488.5	0.0014299753
489.0	0.0015587856
489.5	0.0016772386
490.0	0.0019146681
490.5	0.0021562904
491.0	0.0025940585
491.5	0.0030884883
492.0	0.0038740438
492.5	0.0050382757
493.0	0.0066328168
493.5	0.0090548706
494.0	0.012458196
494.5	0.017859403
495.0	0.025016065
495.5	0.035211437
496.0	0.049966421
496.5	0.069184394
497.0	0.094494095
497.5	0.1273974
498.0	0.16677465
498.5	0.21301548
499.0	0.26555767
499.5	0.32403549
500.0	0.38649353
500.5	0.45371536
501.0	0.52108574
501.5	0.58912891
502.0	0.65522667
502.5	0.71892906
503.0	0.77547417
503.5	0.8250769
504.0	0.86942467
504.5	0.90183365
505.0	0.93027267
505.5	0.95111519
506.0	0.96467079
506.5	0.97519585
507.0	0.98223137
507.5	0.98789345
508.0	0.9898497
508.5	0.99142448
509.0	0.98973114
509.5	0.99100014
510.0	0.99126465
510.5	0.99012466
511.0	0.98899956
511.5	0.98830498
512.0	0.98709961
512.5	0.98612663
513.0	0.98512444
513.5	0.98709145
514.0	0.98648605
514.5	0.98720566
515.0	0.98646507
515.5	0.9861348
516.0	0.98769089
516.5	0.98770432
517.0	0.98857536
517.5	0.98786964
518.0	0.98727188
518.5	0.98557877
519.0	0.9837368
519.5	0.9825296
520.0	0.98085289
520.5	0.97777069
521.0	0.97430664
521.5	0.97062859
522.0	0.96510315
522.5	0.96035919
523.0	0.95458969
523.5	0.9464093
524.0	0.93815216
524.5	0.92684273
525.0	0.91062714
525.5	0.89081558
526.0	0.86744316
526.5	0.83969482
527.0	0.81430702
527.5	0.78846886
528.0	0.75952759
528.5	0.72950356
529.0	0.69333939
529.5	0.64592125
530.0	0.59252178
530.5	0.53084869
531.0	0.46588573
531.5	0.40357746
532.0	0.34414921
532.5	0.28866884
533.0	0.23593328
533.5	0.18671766
534.0	0.14108133
534.5	0.10078863
535.0	0.068870449
535.5	0.045715094
536.0	0.030386145
536.5	0.020631921
537.0	0.014350673
537.5	0.010106199
538.0	0.0073065025
538.5	0.0055128861
539.0	0.0042529506
539.5	0.0034587014
540.0	0.0028930888
540.5	0.0025000671
541.0	0.0022349961
541.5	0.0021221013
542.0	0.0020584352
542.5	0.0020657939
543.0	0.0022073689
543.5	0.0024922618
544.0	0.0029225135
544.5	0.0035653499
545.0	0.0043577343
545.5	0.0054052997
546.0	0.0067101109
546.5	0.0083420092
547.0	0.010176201
547.5	0.011801436
548.0	0.012857531
548.5	0.013228112
549.0	0.013201387
549.5	0.012770249
550.0	0.012123716
550.5	0.011279407
551.0	0.010259666
551.5	0.0092042267
552.0	0.0080271411
552.5	0.0067325401
553.0	0.0051848149
553.5	0.0037323052
554.0	0.0027592614
554.5	0.0022226112
555.0	0.0018993445
555.5	0.0017720166
556.0	0.0017431802
556.5	0.0018166827
557.0	0.0020027393
557.5	0.0022756358
558.0	0.0027756801
558.5	0.0033792451
559.0	0.0040289626
559.5	0.004878237
560.0	0.0059867072
560.5	0.0073318708
561.0	0.0089705169
561.5	0.010635749
562.0	0.012116051
562.5	0.013298475
563.0	0.01443391
563.5	0.015107309
564.0	0.015818201
564.5	0.016427448
565.0	0.016907066
565.5	0.017554077
566.0	0.018136721
566.5	0.019089421
567.0	0.019994156
567.5	0.020448024
568.0	0.020466173
568.5	0.020012391
569.0	0.018826211
569.5	0.017522776
570.0	0.016025636
570.5	0.014458243
571.0	0.012951324
571.5	0.011445731
572.0	0.0099046743
572.5	0.0083196342
573.0	0.0066534632
573.5	0.0050915951
574.0	0.0036637235
574.5	0.0025809699
575.0	0.001921539
575.5	0.0014402135
576.0	0.0011838719
576.5	0.0010211966
577.0	0.00089686677
577.5	0.00080518991
578.0	0.0007716883
578.5	0.00071407892
579.0	0.00070412606
579.5	0.0007048054
580.0	0.00070908405
580.5	0.00069646604
581.0	0.00070906371
581.5	0.00069261946
582.0	0.00068534099
582.5	0.0006587477
583.0	0.0006712424
583.5	0.00063172184
584.0	0.00061828397
584.5	0.00058804605
585.0	0.0005439315
585.5	0.00052405965
586.0	0.00050336245
586.5	0.00044946924
587.0	0.00042636883
587.5	0.00039426554
588.0	0.00037254464
588.5	0.00034313351
589.0	0.00032425221
589.5	0.00029518036
590.0	0.00028151782
590.5	0.00026877256
591.0	0.00026757006
591.5	0.00024889488
592.0	0.00024760602
592.5	0.00025396032
593.0	0.00025474073
593.5	0.00024351893
594.0	0.00026052125
594.5	0.00025773611
595.0	0.00028551143
595.5	0.0002893555
596.0	0.00030472564
596.5	0.00033129077
597.0	0.0003529387
597.5	0.00039859775
598.0	0.00043805193
598.5	0.00046591531
599.0	0.00053611532
599.5	0.00058198206
600.0	0.00063494504
600.5	0.00068722993
601.0	0.00075703986
601.5	0.00081991829
602.0	0.000857324
602.5	0.0009090922
603.0	0.00094659232
603.5	0.00097848646
604.0	0.0010193431
604.5	0.0010397793
605.0	0.001069887
605.5	0.0010964026
606.0	0.0011024008
606.5	0.0010920224
607.0	0.0011057663
607.5	0.0011134644
608.0	0.0011263153
608.5	0.0011429404
609.0	0.001192965
609.5	0.0012407233
610.0	0.0013130863
610.5	0.0013909061
611.0	0.0014979222
611.5	0.0016394217
612.0	0.0018662797
612.5	0.0021214746
613.0	0.0024886809
613.5	0.0029539523
614.0	0.0036070985
614.5	0.0045391476
615.0	0.0057580149
615.5	0.0075764585
616.0	0.010079259
616.5	0.013649994
617.0	0.018955829
617.5	0.026073549
618.0	0.03584955
618.5	0.049486423
619.0	0.067652307
619.5	0.091469994
620.0	0.12283816
620.5	0.16138004
621.0	0.20804899
621.5	0.25990232
622.0	0.31627151
622.5	0.3744471
623.0	0.43266487
623.5	0.49238407
624.0	0.54820736
624.5	0.60235363
625.0	0.65895935
625.5	0.70953804
626.0	0.75817207
626.5	0.80543221
627.0	0.84617821
627.5	0.8807637
628.0	0.90807053
628.5	0.9284037
629.0	0.94122246
629.5	0.95042442
630.0	0.95727745
630.5	0.96148643
631.0	0.96538979
631.5	0.96994957
632.0	0.97323425
632.5	0.97407379
633.0	0.9782161
633.5	0.97824387
634.0	0.97979752
634.5	0.98151634
635.0	0.98124306
635.5	0.98170448
636.0	0.98116074
636.5	0.98202644
637.0	0.98111053
637.5	0.9786731
638.0	0.97795959
638.5	0.97754616
639.0	0.97676224
639.5	0.97474113
640.0	0.97603401
640.5	0.97597298
641.0	0.97483459
641.5	0.9752932
642.0	0.97625694
642.5	0.97973221
643.0	0.97958237
643.5	0.9814814
644.0	0.98349258
644.5	0.984561
645.0	0.98711281
645.5	0.98687645
646.0	0.98997971
646.5	0.98895805
647.0	0.98851006
647.5	0.98818398
648.0	0.98545952
648.5	0.98147568
649.0	0.97898659
649.5	0.97504219
650.0	0.9694899
650.5	0.96355614
651.0	0.9565731
651.5	0.94766678
652.0	0.93490585
652.5	0.91829689
653.0	0.89493523
653.5	0.865149
654.0	0.82496628
654.5	0.77686096
655.0	0.72244194
655.5	0.66175713
656.0	0.60012413
656.5	0.53661186
657.0	0.47261585
657.5	0.41263412
658.0	0.35447811
658.5	0.29715633
659.0	0.24469276
659.5	0.19612642
660.0	0.15059757
660.5	0.11266921
661.0	0.081762362
661.5	0.057361689
662.0	0.040328875
662.5	0.028095696
663.0	0.020016034
663.5	0.014285308
664.0	0.010434694
664.5	0.0077246648
665.0	0.0057768261
665.5	0.0044500107
666.0	0.003460232
666.5	0.0027545372
667.0	0.0021920878
667.5	0.001809998
668.0	0.0015065971
668.5	0.001276917
669.0	0.0010965414
669.5	0.00095132962
670.0	0.00083730623
670.5	0.00072358228
671.0	0.00066416591
671.5	0.00059202261
672.0	0.00055655804
672.5	0.00049945589
673.0	0.00045336656
673.5	0.00043342423
674.0	0.00041569285
674.5	0.00039677195
675.0	0.0003744949
675.5	0.00036987994
676.0	0.0003676115
676.5	0.00033752866
677.0	0.00034869708
677.5	0.00035168219
678.0	0.00034342997
678.5	0.00034363687
679.0	0.00035110947
679.5	0.00035452142
680.0	0.00036361557
680.5	0.00038087096
681.0	0.00040081054
681.5	0.0004258978
682.0	0.00045146666
682.5	0.00049115013
683.0	0.00053965505
683.5	0.00062729344
684.0	0.00072722286
684.5	0.00084027648
685.0	0.0010283091
685.5	0.0012943998
686.0	0.0016478777
686.5	0.0020368372
687.0	0.0025456044
687.5	0.003224797
688.0	0.0041704601
688.5	0.0052787477
689.0	0.0065281159
689.5	0.0078742731
690.0	0.0091907251
690.5	0.01038815
691.0	0.011136044
691.5	0.011831083
692.0	0.012094704
692.5	0.012295189
693.0	0.012512037
693.5	0.012408304
694.0	0.012241029
694.5	0.011958474
695.0	0.011547723
695.5	0.010948598
696.0	0.010406142
696.5	0.0097940016
697.0	0.0090892381
697.5	0.0084298933
698.0	0.0079060292
698.5	0.0076877821
699.0	0.0078088969
699.5	0.008282007
700.0	0.0091126579
700.5	0.010310631
701.0	0.011731225
701.5	0.01315063
702.0	0.014295946
702.5	0.01515215
703.0	0.01561407
703.5	0.015667799
704.0	0.015439448
704.5	0.014985156
705.0	0.014495654
705.5	0.013698362
706.0	0.012821376
706.5	0.011877594
707.0	0.010533515
707.5	0.0093357134
708.0	0.0082477897
708.5	0.0068856269
709.0	0.0056238502
709.5	0.0044018129
710.0	0.0032888952
710.5	0.0025144926
711.0	0.0019112513
711.5	0.0015772274
712.0	0.0012965551
712.5	0.0011317726
713.0	0.00098936856
713.5	0.00090144597
714.0	0.00080286592
714.5	0.00076371022
715.0	0.00072267078
715.5	0.00069396235
716.0	0.00068466313
716.5	0.00066157639
717.0	0.00064467855
717.5	0.00065162569
718.0	0.00064223222
718.5	0.00064627156
719.0	0.00070745565
719.5	0.00075216815
720.0	0.0007874462
720.5	0.00079193942
721.0	0.00085494615
721.5	0.00090920329
722.0	0.0010087231
722.5	0.0010906402
723.0	0.0012060267
723.5	0.0013169505
724.0	0.0014217646
724.5	0.0016509397
725.0	0.0017705187
725.5	0.0019974765
726.0	0.0022210817
726.5	0.0024515207
727.0	0.0026450408
727.5	0.0028938764
728.0	0.0031816933
728.5	0.0033776629
729.0	0.0035534671
729.5	0.0037826759
730.0	0.0040805763
730.5	0.0041656265
731.0	0.0044603422
731.5	0.00443986
732.0	0.0047100458
732.5	0.0046698391
733.0	0.0046685419
733.5	0.0047418118
734.0	0.0047854284
734.5	0.0048462999
735.0	0.0049055076
735.5	0.0048620337
736.0	0.004852435
736.5	0.0048899943
737.0	0.0048823166
737.5	0.0051328528
738.0	0.0051704735
738.5	0.0052025455
739.0	0.005424152
739.5	0.0055673778
740.0	0.0059707475
740.5	0.0063358551
741.0	0.00670587
741.5	0.0070798713
742.0	0.0076331115
742.5	0.008177833
743.0	0.0086624444
743.5	0.0093974584
744.0	0.010177529
744.5	0.010680703
745.0	0.011512798
745.5	0.012054715
746.0	0.012665023
746.5	0.013232868
747.0	0.01379841
747.5	0.014323564
748.0	0.014466954
748.5	0.014900917
749.0	0.015228251
749.5	0.015044611
750.0	0.015231937
750.5	0.015478219
751.0	0.015276264
751.5	0.015483625
752.0	0.015393941
752.5	0.015567262
753.0	0.015329061
753.5	0.015482709
754.0	0.015426373
754.5	0.015774138
755.0	0.01619136
755.5	0.017124902
756.0	0.017947299
756.5	0.019140333
757.0	0.020922136
757.5	0.023432305
758.0	0.026074836
758.5	0.02960011
759.0	0.033721454
759.5	0.03910562
760.0	0.045488195
760.5	0.053137598
761.0	0.060978165
761.5	0.071075892
762.0	0.081382761
762.5	0.091622372
763.0	0.10105789
763.5	0.10987536
764.0	0.11672202
764.5	0.12274453
765.0	0.12630532
765.5	0.12894143
766.0	0.13012959
766.5	0.13164392
767.0	0.13099154
767.5	0.1298089
768.0	0.12907568
768.5	0.1270903
769.0	0.12453404
769.5	0.12209008
770.0	0.11885158
770.5	0.115698
771.0	0.11054242
771.5	0.10624725
772.0	0.10108827
772.5	0.096132069
773.0	0.092984295
773.5	0.090102873
774.0	0.08887948
774.5	0.09025342
775.0	0.092504387
775.5	0.096916723
776.0	0.10262004
776.5	0.10851704
777.0	0.1157751
777.5	0.12383283
778.0	0.13241906
778.5	0.13987348
779.0	0.1480265
779.5	0.1545856
780.0	0.16043365
780.5	0.16512226
781.0	0.16778114
781.5	0.16953253
782.0	0.17046125
782.5	0.16862791
783.0	0.16682951
783.5	0.16360258
784.0	0.15791631
784.5	0.15245438
785.0	0.14449202
785.5	0.13739329
786.0	0.12867146
786.5	0.12013975
787.0	0.10945098
787.5	0.10026113
788.0	0.089003382
788.5	0.080412607
789.0	0.069730577
789.5	0.060847068
790.0	0.05373455
790.5	0.046736798
791.0	0.041099548
791.5	0.036146886
792.0	0.03249104
792.5	0.028898561
793.0	0.026318572
793.5	0.023544459
794.0	0.021342318
794.5	0.019322246
795.0	0.017499682
795.5	0.015871825
796.0	0.014161112
796.5	0.0128771
797.0	0.011500667
797.5	0.01035013
798.0	0.0094723243
798.5	0.0083924961
799.0	0.0074200112
799.5	0.0066191703
800.0	0.005848552
