400.0	0.0476368
401.0	0.040536601
402.0	0.033854
403.0	0.028558301
404.0	0.0252198
405.0	0.0213902
406.0	0.017237401
407.0	0.0124091
408.0	0.0081871897
409.0	0.0056514
410.0	0.00367158
411.0	0.0023351901
412.0	0.00185247
413.0	0.00159033
414.0	0.00121324
415.0	0.00120164
416.0	0.00092454202
417.0	0.0015208001
418.0	0.00148184
419.0	0.0021341599
420.0	0.00276913
421.0	0.0037778199
422.0	0.0055845799
423.0	0.0073761102
424.0	0.0083802203
425.0	0.0078596398
426.0	0.00679794
427.0	0.00560199
428.0	0.0049278098
429.0	0.0041970401
430.0	0.0041665002
431.0	0.0041250899
432.0	0.0044968599
433.0	0.00458141
434.0	0.00477838
435.0	0.0045367801
436.0	0.0041412399
437.0	0.0039188201
438.0	0.0035582599
439.0	0.0032482501
440.0	0.0034616501
441.0	0.0035473499
442.0	0.0037382699
443.0	0.0039897799
444.0	0.0041791
445.0	0.0042692898
446.0	0.00433568
447.0	0.0039111301
448.0	0.0034946899
449.0	0.0031172
450.0	0.0029718601
451.0	0.0027461499
452.0	0.0027886201
453.0	0.00276833
454.0	0.0031218999
455.0	0.0034453601
456.0	0.0042039901
457.0	0.0049429098
458.0	0.0053000799
459.0	0.0054663601
460.0	0.0050662402
461.0	0.0044880202
462.0	0.00371433
463.0	0.00335985
464.0	0.00296221
465.0	0.0028474501
466.0	0.00274483
467.0	0.0029096999
468.0	0.0032096801
469.0	0.00376076
470.0	0.0047944598
471.0	0.0059889602
472.0	0.0075114798
473.0	0.0088343704
474.0	0.0093906103
475.0	0.0088656601
476.0	0.0076666102
477.0	0.0063263299
478.0	0.0050160498
479.0	0.0040786602
480.0	0.0037710799
481.0	0.00341542
482.0	0.0033481801
483.0	0.0033670601
484.0	0.0039914502
485.0	0.0049016802
486.0	0.0063430001
487.0	0.00841696
488.0	0.0115647
489.0	0.0154874
490.0	0.019200001
491.0	0.020083001
492.0	0.017439799
493.0	0.0134614
494.0	0.0098844301
495.0	0.0075471401
496.0	0.00622846
497.0	0.0056692301
498.0	0.0056335698
499.0	0.00611878
500.0	0.0068417699
501.0	0.0076964502
502.0	0.0093994802
503.0	0.0134112
504.0	0.020733399
505.0	0.0319755
506.0	0.039409801
507.0	0.035594899
508.0	0.0234979
509.0	0.0131131
510.0	0.0077565499
511.0	0.00499077
512.0	0.0035114901
513.0	0.0026364799
514.0	0.00217593
515.0	0.00182698
516.0	0.00157279
517.0	0.0014526499
518.0	0.0013968199
519.0	0.00135347
520.0	0.00123232
521.0	0.00129947
522.0	0.00137984
523.0	0.0014491701
524.0	0.00157429
525.0	0.00168586
526.0	0.0019377701
527.0	0.0022268
528.0	0.00258767
529.0	0.0030615099
530.0	0.00368275
531.0	0.0044170199
532.0	0.00541241
533.0	0.0066042901
534.0	0.0080188299
535.0	0.0093268203
536.0	0.010663
537.0	0.0118128
538.0	0.0125433
539.0	0.0129862
540.0	0.013174
541.0	0.0130584
542.0	0.0130337
543.0	0.0130439
544.0	0.013276
545.0	0.0136089
546.0	0.0142893
547.0	0.015192
548.0	0.016439401
549.0	0.018339699
550.0	0.020770101
551.0	0.0239542
552.0	0.028996499
553.0	0.0357817
554.0	0.0453257
555.0	0.057724301
556.0	0.075310297
557.0	0.098955199
558.0	0.128573
559.0	0.166173
560.0	0.209906
561.0	0.26832801
562.0	0.33220401
563.0	0.393727
564.0	0.45337501
565.0	0.50187099
566.0	0.53815103
567.0	0.56868702
568.0	0.59933603
569.0	0.64008403
570.0	0.697447
571.0	0.76536399
572.0	0.83612102
573.0	0.89528698
574.0	0.93263298
575.0	0.95229101
576.0	0.95864397
577.0	0.95790499
578.0	0.95657599
579.0	0.95560801
580.0	0.95528603
581.0	0.957151
582.0	0.96062702
583.0	0.96466398
584.0	0.97040898
585.0	0.97449303
586.0	0.97737998
587.0	0.97687203
588.0	0.97660798
589.0	0.977238
590.0	0.97643203
591.0	0.97704899
592.0	0.97695398
593.0	0.97608
594.0	0.976116
595.0	0.97674298
596.0	0.97655201
597.0	0.97695899
598.0	0.977422
599.0	0.97684199
600.0	0.97465801
601.0	0.978028
602.0	0.97450602
603.0	0.97268802
604.0	0.96988398
605.0	0.96955401
606.0	0.96998501
607.0	0.97198701
608.0	0.97387999
609.0	0.97615099
610.0	0.97750098
611.0	0.98099101
612.0	0.98414803
613.0	0.98493302
614.0	0.98737198
615.0	0.98970801
616.0	0.98857999
617.0	0.98747599
618.0	0.98678601
619.0	0.98673701
620.0	0.98481899
621.0	0.98195899
622.0	0.979096
623.0	0.97676802
624.0	0.97661102
625.0	0.97436899
626.0	0.974428
627.0	0.97456902
628.0	0.97510302
629.0	0.97641498
630.0	0.976511
631.0	0.97822201
632.0	0.97948599
633.0	0.98156601
634.0	0.98356301
635.0	0.98544002
636.0	0.98834902
637.0	0.989564
638.0	0.98893797
639.0	0.98844999
640.0	0.986929
641.0	0.98598999
642.0	0.98309702
643.0	0.979774
644.0	0.9781
645.0	0.97634298
646.0	0.97429699
647.0	0.972947
648.0	0.97280699
649.0	0.97139198
650.0	0.97079599
651.0	0.97024101
652.0	0.970101
653.0	0.97015798
654.0	0.96917498
655.0	0.97130102
656.0	0.97224802
657.0	0.97246099
658.0	0.97342598
659.0	0.973975
660.0	0.975806
661.0	0.97808498
662.0	0.97903502
663.0	0.978737
664.0	0.97943199
665.0	0.97989702
666.0	0.98072201
667.0	0.97977799
668.0	0.97951901
669.0	0.97997802
670.0	0.98087901
671.0	0.98062003
672.0	0.98020297
673.0	0.97981203
674.0	0.97979099
675.0	0.97971398
676.0	0.97969002
677.0	0.98050201
678.0	0.98039502
679.0	0.98055398
680.0	0.98100501
681.0	0.98081201
682.0	0.980721
683.0	0.98100799
684.0	0.98116601
685.0	0.98082
686.0	0.97971302
687.0	0.97947198
688.0	0.97945303
689.0	0.97978598
690.0	0.98119998
691.0	0.980784
692.0	0.98125398
693.0	0.98048902
694.0	0.979608
695.0	0.97885501
696.0	0.98073298
697.0	0.97889799
698.0	0.97998101
699.0	0.98072499
700.0	0.98062497
701.0	0.97831601
702.0	0.97885799
703.0	0.977772
704.0	0.97728002
705.0	0.97572398
706.0	0.97436398
707.0	0.97459102
708.0	0.97329497
709.0	0.97282499
710.0	0.97239
711.0	0.970833
712.0	0.96938199
713.0	0.96834898
714.0	0.96875697
715.0	0.96677703
716.0	0.96642298
717.0	0.965931
718.0	0.96741003
719.0	0.96570301
720.0	0.96402198
721.0	0.96347499
722.0	0.96445298
723.0	0.96565002
724.0	0.965729
725.0	0.96614099
726.0	0.96706402
727.0	0.96756202
728.0	0.96925497
729.0	0.96958899
730.0	0.96728498
731.0	0.966757
732.0	0.96731699
733.0	0.96849602
734.0	0.96838999
735.0	0.96709198
736.0	0.96517199
737.0	0.96383703
738.0	0.96355402
739.0	0.96165103
740.0	0.957816
741.0	0.95464802
742.0	0.95370603
743.0	0.95203102
744.0	0.94906598
745.0	0.94739902
746.0	0.94448
747.0	0.94294602
748.0	0.94173098
749.0	0.94039899
750.0	0.93745798
751.0	0.93769401
752.0	0.93849403
753.0	0.93795598
754.0	0.93711901
755.0	0.93704301
756.0	0.93813097
757.0	0.93979698
758.0	0.943259
759.0	0.94600201
760.0	0.94849199
761.0	0.951976
762.0	0.95418698
763.0	0.95810997
764.0	0.96099597
765.0	0.96345299
766.0	0.96627003
767.0	0.969616
768.0	0.973113
769.0	0.97554803
770.0	0.97730702
771.0	0.97840703
772.0	0.98021197
773.0	0.98175198
774.0	0.98339701
775.0	0.98406303
776.0	0.98239201
777.0	0.98184001
778.0	0.98100501
779.0	0.97786897
780.0	0.97510999
781.0	0.97413999
782.0	0.97387397
783.0	0.97184902
784.0	0.97101402
785.0	0.967767
786.0	0.96509302
787.0	0.96303701
788.0	0.96175498
789.0	0.95905501
790.0	0.95758599
791.0	0.95547599
792.0	0.95370299
793.0	0.95371902
794.0	0.95564997
795.0	0.95511198
796.0	0.95559102
797.0	0.95606101
798.0	0.95706999
799.0	0.956608
800.0	0.95798397
