380.0	0.47933
381.0	0.480086
382.0	0.473187
383.0	0.46802801
384.0	0.46817201
385.0	0.47394601
386.0	0.485257
387.0	0.492919
388.0	0.51084298
389.0	0.53403401
390.0	0.56470299
391.0	0.59575498
392.0	0.627514
393.0	0.67033398
394.0	0.71546203
395.0	0.74710798
396.0	0.786143
397.0	0.80464202
398.0	0.821693
399.0	0.82906598
400.0	0.82831597
401.0	0.82474297
402.0	0.82006001
403.0	0.81187397
404.0	0.808505
405.0	0.80555397
406.0	0.805381
407.0	0.80431902
408.0	0.81250697
409.0	0.817038
410.0	0.82801598
411.0	0.842498
412.0	0.85747898
413.0	0.87292397
414.0	0.88964599
415.0	0.90829402
416.0	0.91999602
417.0	0.93385899
418.0	0.95033699
419.0	0.95539498
420.0	0.96485901
421.0	0.96811002
422.0	0.969042
423.0	0.97050703
424.0	0.96915698
425.0	0.96668297
426.0	0.96293998
427.0	0.96417999
428.0	0.96003097
429.0	0.96076101
430.0	0.96095401
431.0	0.96004999
432.0	0.96072203
433.0	0.96349603
434.0	0.965532
435.0	0.96828502
436.0	0.97132802
437.0	0.97460097
438.0	0.97717202
439.0	0.97978503
440.0	0.982454
441.0	0.98395902
442.0	0.98614699
443.0	0.98631197
444.0	0.98649102
445.0	0.98549098
446.0	0.984272
447.0	0.98384601
448.0	0.98172998
449.0	0.97974002
450.0	0.97930598
451.0	0.97759998
452.0	0.97802502
453.0	0.97531199
454.0	0.97438902
455.0	0.97722203
456.0	0.97487098
457.0	0.97697401
458.0	0.97763503
459.0	0.98249102
460.0	0.97792602
461.0	0.98190898
462.0	0.981592
463.0	0.98421299
464.0	0.984909
465.0	0.98508102
466.0	0.98852199
467.0	0.99002898
468.0	0.98864198
469.0	0.98965698
470.0	0.98873299
471.0	0.98686397
472.0	0.98666799
473.0	0.98263401
474.0	0.98454398
475.0	0.98234999
476.0	0.98075098
477.0	0.98003399
478.0	0.97927999
479.0	0.97965002
480.0	0.977633
481.0	0.97833002
482.0	0.97683299
483.0	0.978212
484.0	0.97801799
485.0	0.97846401
486.0	0.979644
487.0	0.980753
488.0	0.98165798
489.0	0.98278999
490.0	0.98397303
491.0	0.98437703
492.0	0.986
493.0	0.98795998
494.0	0.987643
495.0	0.98963201
496.0	0.989039
497.0	0.99065602
498.0	0.98999399
499.0	0.990511
500.0	0.989106
501.0	0.98831099
502.0	0.98763102
503.0	0.986148
504.0	0.984837
505.0	0.98432899
506.0	0.98223603
507.0	0.98165703
508.0	0.98088801
509.0	0.97950399
510.0	0.97856599
511.0	0.97849202
512.0	0.97758698
513.0	0.97649699
514.0	0.977139
515.0	0.97736901
516.0	0.97703701
517.0	0.97724998
518.0	0.97682798
519.0	0.97668898
520.0	0.97701299
521.0	0.976596
522.0	0.97560298
523.0	0.97534901
524.0	0.97320998
525.0	0.97314399
526.0	0.97073197
527.0	0.96988797
528.0	0.968014
529.0	0.96677703
530.0	0.96561003
531.0	0.96322
532.0	0.96223098
533.0	0.96150202
534.0	0.96115202
535.0	0.96070999
536.0	0.960455
537.0	0.96022201
538.0	0.960944
539.0	0.95982701
540.0	0.95810503
541.0	0.95496303
542.0	0.94959599
543.0	0.94170201
544.0	0.92866302
545.0	0.91333598
546.0	0.89260101
547.0	0.86877197
548.0	0.83796901
549.0	0.80463398
550.0	0.77254403
551.0	0.73986202
552.0	0.70995301
553.0	0.68250799
554.0	0.66049999
555.0	0.63958299
556.0	0.623299
557.0	0.608298
558.0	0.59629899
559.0	0.58457702
560.0	0.57334602
561.0	0.56018901
562.0	0.548172
563.0	0.53526998
564.0	0.51998699
565.0	0.50217199
566.0	0.48271501
567.0	0.46128601
568.0	0.43948999
569.0	0.412027
570.0	0.380683
571.0	0.353403
572.0	0.32525301
573.0	0.297584
574.0	0.26972499
575.0	0.24596
576.0	0.22416499
577.0	0.203886
578.0	0.1825
579.0	0.16331799
580.0	0.14835
581.0	0.13206799
582.0	0.118814
583.0	0.10771
584.0	0.097566903
585.0	0.088440903
586.0	0.0799933
587.0	0.072254501
588.0	0.066202603
589.0	0.060140301
590.0	0.0551061
591.0	0.050560702
592.0	0.0463548
593.0	0.042628702
594.0	0.039408099
595.0	0.036480699
596.0	0.033527698
597.0	0.030913901
598.0	0.028831299
599.0	0.0267123
600.0	0.025106501
601.0	0.023368999
602.0	0.0219134
603.0	0.020719299
604.0	0.019491
605.0	0.0183661
606.0	0.0173865
607.0	0.016275501
608.0	0.0154829
609.0	0.0146608
610.0	0.0137906
611.0	0.0132238
612.0	0.0125951
613.0	0.0120184
614.0	0.0114126
615.0	0.0109535
616.0	0.0105859
617.0	0.0100892
618.0	0.0097442903
619.0	0.0093371198
620.0	0.0089643896
621.0	0.0086369999
622.0	0.00823458
623.0	0.0080661597
624.0	0.0077525801
625.0	0.0074686301
626.0	0.0072833602
627.0	0.0070610601
628.0	0.0068363799
629.0	0.0066985898
630.0	0.0064817099
631.0	0.00627081
632.0	0.0061785802
633.0	0.0060254
634.0	0.0059280898
635.0	0.00577643
636.0	0.0056501501
637.0	0.0055155298
638.0	0.0053994101
639.0	0.00534725
640.0	0.0052002398
641.0	0.0050905198
642.0	0.0050604101
643.0	0.0050221202
644.0	0.0049253199
645.0	0.0047996198
646.0	0.0046913498
647.0	0.0047057401
648.0	0.0047059199
649.0	0.0046476801
650.0	0.0045558601
651.0	0.00452701
652.0	0.0044593699
653.0	0.00448405
654.0	0.0043449802
655.0	0.0043264902
656.0	0.0043500001
657.0	0.0042739701
658.0	0.0043692202
659.0	0.00432515
660.0	0.0042684502
661.0	0.0043276902
662.0	0.0042057801
663.0	0.0042823199
664.0	0.0043173102
665.0	0.0042987498
666.0	0.0043008998
667.0	0.00426256
668.0	0.0042444998
669.0	0.0043656901
670.0	0.00437759
671.0	0.0043742601
672.0	0.0043720901
673.0	0.0044057802
674.0	0.0044295602
675.0	0.0044929301
676.0	0.0045605502
677.0	0.0045824698
678.0	0.00460961
679.0	0.00457888
680.0	0.0047232099
681.0	0.00473961
682.0	0.0049047498
683.0	0.00493252
684.0	0.0050167101
685.0	0.0050691199
686.0	0.0052017402
687.0	0.0052476702
688.0	0.0052560102
689.0	0.00538661
690.0	0.0055370401
691.0	0.0056242901
692.0	0.0056740399
693.0	0.0057864902
694.0	0.0059152399
695.0	0.0061314199
696.0	0.0061972998
697.0	0.00638487
698.0	0.0064859102
699.0	0.0066587599
700.0	0.0068333
701.0	0.0069363802
702.0	0.0071157301
703.0	0.0073112901
704.0	0.0075431499
705.0	0.00774397
706.0	0.0080434
707.0	0.0082489504
708.0	0.0085265702
709.0	0.0087380102
710.0	0.0089777596
711.0	0.0092071602
712.0	0.0095237698
713.0	0.0099201798
714.0	0.0101432
715.0	0.0104717
716.0	0.010985
717.0	0.011292
718.0	0.0116607
719.0	0.0121367
720.0	0.0125518
721.0	0.0130665
722.0	0.0136023
723.0	0.0141034
724.0	0.0145769
725.0	0.0153473
726.0	0.0159501
727.0	0.016511301
728.0	0.0172868
729.0	0.0181306
730.0	0.019156899
731.0	0.0200099
732.0	0.0209431
733.0	0.0220009
734.0	0.0231058
735.0	0.0242754
736.0	0.0254186
737.0	0.0268299
738.0	0.0285847
739.0	0.029955599
740.0	0.031687502
741.0	0.0340936
742.0	0.035949599
743.0	0.038249601
744.0	0.041124701
745.0	0.043857299
746.0	0.046662699
747.0	0.0507228
748.0	0.0539038
749.0	0.058336999
750.0	0.062369999
